     105.059612 1.22998396e-006
      105.35345 1.3111299e-006
     105.647339 1.37841379e-006
     105.941186 1.4739654e-006
     106.235066 1.57314214e-006
     106.822799 1.78990746e-006
     107.116659 1.93099087e-006
     107.410521 2.05249221e-006
     107.704386 2.20477225e-006
     107.998249 2.36776716e-006
     108.292114 2.53200463e-006
     108.585977 2.7570911e-006
     109.467566 3.47661919e-006
     109.761432 3.78342468e-006
     110.055295 4.0993111e-006
     110.349159 4.45313853e-006
     110.643023 4.85889558e-006
     110.936887 5.30106608e-006
     111.230751 5.79895416e-006
     111.524615 6.34058256e-006
     111.818479 6.96087554e-006
     112.112342 7.64767742e-006
     112.406206 8.40029974e-006
     112.700069 9.20463332e-006
     112.993933 1.01150431e-005
     113.287797 1.10469182e-005
     113.581661 1.20186883e-005
     113.875525 1.29891981e-005
     114.169388 1.39257752e-005
     114.463252 1.46766833e-005
     114.757116 1.53196391e-005
     115.050979 1.57283884e-005
     115.344844 1.58778911e-005
     115.638708  1.577189e-005
     115.932571 1.53766391e-005
     116.226435 1.48157752e-005
     116.520299 1.40487103e-005
     117.108026 1.23062471e-005
     117.401889 1.13805406e-005
     117.695754 1.04933085e-005
     117.989616 9.65320436e-006
     118.283481 8.87554634e-006
     118.577345 8.13592875e-006
     118.871209 7.48076052e-006
     119.165072 6.87876895e-006
     119.458936 6.3372595e-006
     119.752801 5.83333713e-006
     120.046664 5.39730179e-006
     120.340527 5.00213034e-006
     120.634391 4.65350869e-006
     120.928255 4.33085886e-006
     121.222118 4.02777616e-006
     121.515982 3.75799428e-006
     121.809846 3.53224169e-006
      122.10371 3.30575845e-006
     122.397573 3.09550331e-006
     122.691438 2.91750826e-006
     122.985302 2.75653418e-006
     123.279165 2.60975533e-006
     123.573029 2.46744504e-006
     123.866893 2.32222091e-006
     124.160767 2.21200635e-006
      124.45462 2.11451914e-006
     124.748515 2.00657186e-006
     125.042348 1.91611568e-006
     125.630074 1.75571761e-006
     125.923973 1.68102667e-006
     126.217802 1.60387701e-006
      126.80553 1.49238834e-006
     127.099394 1.42591281e-006
     127.393259 1.37346866e-006
     127.687121 1.33098754e-006
     127.980985 1.26835791e-006
     128.274849 1.22902939e-006
     128.568713 1.18072519e-006
     128.862577 1.15177201e-006
     129.156441 1.12089853e-006
     129.450303 1.08600944e-006
     129.744167 1.05510412e-006
     130.038032 1.02593844e-006
     130.331896 9.98415687e-007
     130.625759 9.56757522e-007
     130.919622 9.41767871e-007
     131.213487 9.22334991e-007
      131.50735 8.84376803e-007
     131.801214 8.54103145e-007
     132.095078 8.31909957e-007
     132.388941 8.32365401e-007
     132.682806 8.0969725e-007
     132.976669 7.80319009e-007
     133.270532 7.71211812e-007
     133.564396 7.59766725e-007
      133.85826 7.38077224e-007
     134.152125 7.15198031e-007
     134.445988 7.07757877e-007
     134.739852 6.91552556e-007
     135.033699 6.7994091e-007
     135.327579 6.71990143e-007
     135.621443 6.38944448e-007
     135.915306 6.63632425e-007
      136.20917 6.43270019e-007
