     105.059612 8.29271372e-007
      105.35345 8.63799742e-007
     105.647339 9.05915009e-007
     105.941186 9.66949094e-007
     106.235066 1.02281002e-006
     106.822799 1.1134352e-006
     107.116659 1.21297281e-006
     107.410521 1.29298258e-006
     107.704386 1.35431511e-006
     107.998249 1.43696737e-006
     108.292114 1.5260657e-006
     108.585977 1.63303192e-006
     109.467566 1.97889874e-006
     109.761432 2.11438363e-006
     110.055295 2.24848761e-006
     110.349159 2.37296069e-006
     110.643023 2.55198234e-006
     110.936887 2.72962814e-006
     111.230751 2.89769416e-006
     111.524615 3.08117549e-006
     111.818479 3.28984935e-006
     112.112342 3.49743042e-006
     112.406206 3.71438207e-006
     112.700069 3.92361182e-006
     112.993933 4.14237732e-006
     113.287797 4.36390857e-006
     113.581661 4.56379438e-006
     113.875525 4.75138506e-006
     114.169388 4.92421801e-006
     114.463252 5.08544257e-006
     114.757116 5.19561064e-006
     115.050979 5.26099355e-006
     115.344844 5.28282897e-006
     115.638708 5.28898567e-006
     115.932571 5.27677212e-006
     116.226435 5.18902552e-006
     116.520299 5.06425646e-006
     117.108026 4.77344047e-006
     117.401889 4.58594235e-006
     117.695754 4.39953821e-006
     117.989616 4.20255055e-006
     118.283481 4.00349288e-006
     118.577345 3.81172269e-006
     118.871209 3.62825415e-006
     119.165072 3.4392129e-006
     119.458936 3.25574892e-006
     119.752801 3.07733167e-006
     120.046664 2.92002881e-006
     120.340527 2.76892857e-006
     120.634391 2.6124583e-006
     120.928255 2.47551515e-006
     121.222118 2.34730789e-006
     121.515982 2.23206553e-006
     121.809846 2.13427084e-006
      122.10371 2.01751963e-006
     122.397573 1.90512698e-006
     122.691438 1.82665231e-006
     122.985302 1.74766559e-006
     123.279165 1.65878299e-006
     123.573029 1.56899455e-006
     123.866893 1.5058712e-006
     124.160767 1.45229556e-006
      124.45462 1.40203842e-006
     124.748515 1.33038651e-006
     125.042348 1.27682151e-006
     125.630074 1.18348521e-006
     125.923973 1.12554789e-006
     126.217802 1.08557625e-006
      126.80553 1.02134155e-006
     127.099394 9.81532168e-007
     127.393259 9.54994074e-007
     127.687121 9.1845657e-007
     127.980985 8.90816781e-007
     128.274849 8.55886293e-007
     128.568713 8.32266093e-007
     128.862577 8.31361702e-007
     129.156441 7.90543714e-007
     129.450303 7.57435956e-007
     129.744167  7.314405e-007
     130.038032 7.3149935e-007
     130.331896 7.09186719e-007
     130.625759 6.91710709e-007
     130.919622 6.79221948e-007
     131.213487 6.5573854e-007
      131.50735 6.30685243e-007
     131.801214 6.08507053e-007
     132.095078 6.04059128e-007
     132.388941 5.91293064e-007
     132.682806 5.84049163e-007
     132.976669 5.64881389e-007
     133.270532 5.57904691e-007
     133.564396 5.4863204e-007
      133.85826 5.26597061e-007
     134.152125 5.18747691e-007
     134.445988 5.17455736e-007
     134.739852 4.98055447e-007
     135.033699 4.67409804e-007
     135.327579 4.75766479e-007
     135.621443 4.7392292e-007
     135.915306 4.82855292e-007
      136.20917 4.4656828e-007
