     105.059612 4.7576673e-007
      105.35345 5.08051375e-007
     105.647339 5.3380212e-007
     105.941186 5.96957077e-007
     106.235066 6.21871079e-007
     106.822799 7.14049144e-007
     107.116659 7.73802337e-007
     107.410521 8.32290477e-007
     107.704386 8.96405604e-007
     107.998249 9.57921965e-007
     108.292114 1.04168145e-006
     108.585977 1.15261169e-006
     109.467566 1.48821511e-006
     109.761432 1.64668585e-006
     110.055295 1.78352591e-006
     110.349159 1.94991219e-006
     110.643023 2.15492199e-006
     110.936887 2.37775197e-006
     111.230751 2.63265609e-006
     111.524615 2.9098515e-006
     111.818479 3.26786581e-006
     112.112342 3.67342126e-006
     112.406206 4.13116164e-006
     112.700069 4.67092503e-006
     112.993933 5.2895054e-006
     113.287797 5.9875862e-006
     113.581661 6.75428449e-006
     113.875525 7.60137124e-006
     114.169388 8.40885288e-006
     114.463252 9.21383458e-006
     114.757116 9.86609277e-006
     115.050979 1.02836014e-005
     115.344844 1.04046606e-005
     115.638708 1.02367021e-005
     115.932571 9.78693784e-006
     116.226435 9.14052265e-006
     116.520299 8.37237597e-006
     117.108026 6.79111415e-006
     117.401889 6.06769056e-006
     117.695754 5.40662325e-006
     117.989616 4.81119016e-006
     118.283481 4.29137947e-006
     118.577345 3.86006412e-006
     118.871209 3.46988583e-006
     119.165072 3.12487088e-006
     119.458936 2.81683198e-006
     119.752801 2.55160991e-006
     120.046664 2.33785897e-006
     120.340527 2.14061421e-006
     120.634391 1.96016541e-006
     120.928255 1.79839616e-006
     121.222118 1.66303185e-006
     121.515982 1.54861025e-006
     121.809846 1.44530367e-006
      122.10371 1.33533548e-006
     122.397573 1.22574172e-006
     122.691438 1.17190481e-006
     122.985302 1.11483014e-006
     123.279165 1.04334536e-006
     123.573029 9.62693744e-007
     123.866893 9.02746633e-007
     124.160767 8.73453429e-007
      124.45462 8.40579188e-007
     124.748515 7.80089396e-007
     125.042348 7.38402316e-007
     125.630074 6.95064085e-007
     125.923973 6.50763873e-007
     126.217802 6.04069129e-007
      126.80553 5.76743981e-007
     127.099394 5.4688441e-007
     127.393259 5.23620496e-007
     127.687121 5.05048634e-007
     127.980985 4.83132401e-007
     128.274849 4.61854948e-007
     128.568713 4.53004959e-007
     128.862577 4.45002466e-007
     129.156441 4.26607952e-007
     129.450303 4.10089997e-007
     129.744167 4.06907184e-007
     130.038032 3.85780792e-007
     130.331896 3.70102833e-007
     130.625759 3.60237609e-007
     130.919622 3.56166014e-007
     131.213487 3.59854362e-007
      131.50735 3.39471008e-007
     131.801214 3.19672276e-007
     132.095078 3.18250589e-007
     132.388941 3.21660788e-007
     132.682806 2.99808104e-007
     132.976669 2.92082866e-007
     133.270532 2.90227381e-007
     133.564396 2.93879482e-007
      133.85826 2.81231826e-007
     134.152125 2.68409166e-007
     134.445988 2.54907879e-007
     134.739852 2.5829269e-007
     135.033699 2.39140342e-007
     135.327579 2.56709032e-007
     135.621443 2.42872988e-007
     135.915306 2.4804048e-007
      136.20917 2.46595765e-007
