     105.059612 1.86769666e-006
      105.35345 1.98273943e-006
     105.647339 2.12397788e-006
     105.941186 2.27223155e-006
     106.235066 2.45407635e-006
     106.822799 2.8306353e-006
     107.116659  3.100488e-006
     107.410521 3.3865287e-006
     107.704386 3.70587809e-006
     107.998249 4.07721314e-006
     108.292114 4.55650251e-006
     108.585977 5.12236446e-006
     109.467566 7.87640713e-006
     109.761432 9.21434724e-006
     110.055295 1.04900295e-005
     110.349159 1.12823075e-005
     110.643023 1.17486624e-005
     110.936887 1.23394321e-005
     111.230751 1.34042579e-005
     111.524615 1.49631429e-005
     111.818479 1.71599485e-005
     112.112342 2.00953805e-005
     112.406206 2.38654908e-005
     112.700069 2.90475924e-005
     112.993933 3.60389255e-005
     113.287797 4.57610453e-005
     113.581661 5.94448885e-005
     117.401889 4.34956034e-005
     117.695754 3.48072369e-005
     117.989616 2.87079648e-005
     118.283481 2.39318544e-005
     118.577345  2.026526e-005
     118.871209 1.74263513e-005
     119.165072 1.51023567e-005
     119.458936 1.32384279e-005
     119.752801 1.16914286e-005
     120.046664 1.04080779e-005
     120.340527 9.32373252e-006
     120.634391 8.43049739e-006
     120.928255 7.64597294e-006
     121.222118 6.98252735e-006
     121.515982 6.39860058e-006
     121.809846 5.88842741e-006
      122.10371 5.45155257e-006
     122.397573 5.0497393e-006
     122.691438 4.69702565e-006
     122.985302 4.37613218e-006
     123.279165 4.09675956e-006
     123.573029 3.83473366e-006
     123.866893 3.61086092e-006
     124.160767 3.41194286e-006
      124.45462 3.21822418e-006
     124.748515 3.03349903e-006
     125.042348 2.87959473e-006
     125.630074 2.61014053e-006
     125.923973 2.48343207e-006
     126.217802 2.37351642e-006
      126.80553 2.17066104e-006
     127.099394 2.08172052e-006
     127.393259 2.0003179e-006
     127.687121 1.91830637e-006
     127.980985 1.84269322e-006
     128.274849 1.77616955e-006
     128.568713  1.723637e-006
     128.862577 1.6660626e-006
     129.156441 1.60158634e-006
     129.450303 1.5523453e-006
     129.744167 1.5077324e-006
     130.038032 1.4584859e-006
     130.331896 1.4118564e-006
     130.625759 1.36882491e-006
     130.919622 1.3330813e-006
     131.213487 1.29176573e-006
      131.50735 1.2548064e-006
     131.801214 1.22270118e-006
     132.095078 1.20313642e-006
     132.388941 1.16539917e-006
     132.682806 1.12880107e-006
     132.976669 1.10621259e-006
     133.270532 1.08289166e-006
     133.564396 1.05869624e-006
      133.85826 1.04019767e-006
     134.152125 1.01196486e-006
     134.445988 9.89874568e-007
     134.739852 9.61967469e-007
     135.033699 9.44098228e-007
     135.327579 9.32714934e-007
     135.621443 9.15395742e-007
     135.915306 8.92865963e-007
      136.20917 8.69097969e-007
     136.503034 8.63753128e-007
     136.796898 8.4578629e-007
     137.090761 8.27543885e-007
     137.384626 8.14651535e-007
     137.678489 7.9848178e-007
     137.972354 7.99496867e-007
     138.266217 7.85482275e-007
     138.560081 7.76621394e-007
     138.853945 7.55858776e-007
     139.147807 7.3048196e-007
     139.441672 7.32847965e-007
     139.735535 7.33560617e-007
       140.0294 7.20488979e-007
     140.323264 7.06104731e-007
     140.617127 6.82203588e-007
      140.91099 6.8714918e-007
     141.204854 6.77837069e-007
     141.498718 6.67129159e-007
     141.792582 6.69037095e-007
     142.086446 6.82286739e-007
      142.38031 6.75706003e-007
     142.674174 6.34065536e-007
     142.968037 6.23324167e-007
       143.2619 6.33232558e-007
     143.555764 6.21269475e-007
     143.849628 5.7726053e-007
     144.143492 5.7848371e-007
     144.437355 6.42310693e-007
      144.73122 5.91946328e-007
     145.025083 5.72983548e-007
     145.318947 5.94598306e-007
     145.612811 5.27627024e-007
