     105.059612 1.85793381e-006
      105.35345 1.97182862e-006
     105.647339 2.09812075e-006
     105.941186 2.21882854e-006
     106.235066 2.37732618e-006
     106.822799 2.69558645e-006
     107.116659 2.89650501e-006
     107.410521 3.09630195e-006
     107.704386 3.32529235e-006
     107.998249 3.56663505e-006
     108.292114 3.81701406e-006
     108.585977 4.14690728e-006
     109.467566 5.23894119e-006
     109.761432 5.68507104e-006
     110.055295 6.17950805e-006
     110.349159 6.71217519e-006
     110.643023 7.30838926e-006
     110.936887 7.97722157e-006
     111.230751 8.72737508e-006
     111.524615 9.54983235e-006
     111.818479 1.04662393e-005
     112.112342 1.15011869e-005
     112.406206 1.26392797e-005
     112.700069 1.38710878e-005
     112.993933 1.52056972e-005
     113.287797 1.65924515e-005
     113.581661 1.80689172e-005
     113.875525 1.95150296e-005
     114.169388 2.0926485e-005
     114.463252 2.20780164e-005
     114.757116 2.30152317e-005
     115.050979 2.35923646e-005
     115.344844 2.38404934e-005
     115.638708 2.3694812e-005
     115.932571 2.30862712e-005
     116.226435 2.22438345e-005
     116.520299 2.11355399e-005
     117.108026 1.85000392e-005
     117.401889 1.71117482e-005
     117.695754 1.57999557e-005
     117.989616 1.45174649e-005
     118.283481 1.33552151e-005
     118.577345 1.22633418e-005
     118.871209 1.12746977e-005
     119.165072 1.03749312e-005
     119.458936 9.54192938e-006
     119.752801 8.7963052e-006
     120.046664 8.13513515e-006
     120.340527 7.53047123e-006
     120.634391 7.00440155e-006
     120.928255 6.51336576e-006
     121.222118 6.06195137e-006
     121.515982 5.66237739e-006
     121.809846 5.30816435e-006
      122.10371  4.970872e-006
     122.397573 4.67564192e-006
     122.691438 4.39801094e-006
     122.985302 4.1499355e-006
     123.279165 3.92656769e-006
     123.573029 3.70811736e-006
     123.866893 3.52352179e-006
     124.160767 3.3443785e-006
      124.45462 3.18967171e-006
     124.748515 3.03777176e-006
     125.042348 2.89888911e-006
     125.630074 2.64010655e-006
     125.923973 2.52743584e-006
     126.217802 2.42044781e-006
      126.80553 2.24117883e-006
     127.099394 2.14996499e-006
     127.393259 2.07617111e-006
     127.687121 2.00340052e-006
     127.980985 1.9184464e-006
     128.274849 1.8641702e-006
     128.568713 1.79450864e-006
     128.862577 1.74152905e-006
     129.156441 1.68461876e-006
     129.450303 1.63402987e-006
     129.744167 1.58811273e-006
     130.038032 1.53927887e-006
     130.331896 1.5053011e-006
     130.625759 1.45009863e-006
     130.919622 1.41758098e-006
     131.213487 1.37127014e-006
      131.50735 1.34306487e-006
     131.801214 1.30908707e-006
     132.095078 1.27086602e-006
     132.388941 1.24500087e-006
     132.682806 1.21226313e-006
     132.976669 1.18552402e-006
     133.270532 1.15908166e-006
     133.564396 1.12891172e-006
      133.85826 1.11535843e-006
     134.152125 1.08483787e-006
     134.445988 1.06089747e-006
     134.739852 1.03437238e-006
     135.033699 1.01700006e-006
     135.327579 9.90937775e-007
     135.621443 9.77693659e-007
     135.915306 9.65858268e-007
      136.20917 9.55822104e-007
