     105.059612 7.25950509e-007
      105.35345 7.67198174e-007
     105.647339 8.20821175e-007
     105.941186 8.72120558e-007
     106.235066 9.13279055e-007
     106.822799 1.03693195e-006
     107.116659 1.10056155e-006
     107.410521 1.17138652e-006
     107.704386 1.24252611e-006
     107.998249 1.33492723e-006
     108.292114 1.43836815e-006
     108.585977 1.53198896e-006
     109.467566 1.8951821e-006
     109.761432 2.04128846e-006
     110.055295 2.17718548e-006
     110.349159 2.36611961e-006
     110.643023 2.55436378e-006
     110.936887 2.74582707e-006
     111.230751 2.95927006e-006
     111.524615 3.19333538e-006
     111.818479 3.45615933e-006
     112.112342 3.70246667e-006
     112.406206 3.99658079e-006
     112.700069 4.29415908e-006
     112.993933 4.60748222e-006
     113.287797 4.91823773e-006
     113.581661 5.22510404e-006
     113.875525 5.51848393e-006
     114.169388 5.78322989e-006
     114.463252 6.00916578e-006
     114.757116 6.19413812e-006
     115.050979 6.31182205e-006
     115.344844 6.35712174e-006
     115.638708 6.33286438e-006
     115.932571 6.25827859e-006
     116.226435 6.10372832e-006
     116.520299 5.9083058e-006
     117.108026 5.42108586e-006
     117.401889 5.13483038e-006
     117.695754 4.82878341e-006
     117.989616 4.55528795e-006
     118.283481 4.27246331e-006
     118.577345 4.01664196e-006
     118.871209 3.75066797e-006
     119.165072 3.49924995e-006
     119.458936 3.28207092e-006
     119.752801 3.07166896e-006
     120.046664 2.8778715e-006
     120.340527 2.69496707e-006
     120.634391 2.52491841e-006
     120.928255 2.37642629e-006
     121.222118 2.23895553e-006
     121.515982 2.10777407e-006
     121.809846 1.97798843e-006
      122.10371 1.86458883e-006
     122.397573 1.77131567e-006
     122.691438 1.68751593e-006
     122.985302 1.59414589e-006
     123.279165 1.49966348e-006
     123.573029 1.43526929e-006
     123.866893 1.37385844e-006
     124.160767 1.30499677e-006
      124.45462 1.23367334e-006
     124.748515 1.17662753e-006
     125.042348 1.14156632e-006
     125.630074 1.03893509e-006
     125.923973 9.85059413e-007
     126.217802 9.63792741e-007
      126.80553 8.82371516e-007
     127.099394 8.61445575e-007
     127.393259 8.33464651e-007
     127.687121 7.92948764e-007
     127.980985 7.60240255e-007
     128.274849 7.56915251e-007
     128.568713 7.4166047e-007
     128.862577 6.99114381e-007
     129.156441 6.75360427e-007
     129.450303 6.50990433e-007
     129.744167 6.43020047e-007
     130.038032 6.12894631e-007
     130.331896 5.92779627e-007
     130.625759 5.86336064e-007
     130.919622 5.76004272e-007
     131.213487 5.52203408e-007
      131.50735 5.34143161e-007
     131.801214 5.43218221e-007
     132.095078 5.28655492e-007
     132.388941 4.89202147e-007
     132.682806 4.86223001e-007
     132.976669 4.82218678e-007
     133.270532 4.66438734e-007
     133.564396 4.52892885e-007
      133.85826 4.51335751e-007
     134.152125 4.44656484e-007
     134.445988 4.36893134e-007
     134.739852 4.27816017e-007
     135.033699 4.15620541e-007
     135.327579 4.33593075e-007
     135.621443 3.93782861e-007
     135.915306 3.69153205e-007
      136.20917 3.67279992e-007
