     105.059612 4.85843102e-007
      105.35345 5.18679898e-007
     105.647339 5.43339513e-007
     105.941186 5.89653752e-007
     106.235066 6.22086023e-007
     106.822799 7.21995435e-007
     107.116659 7.71211371e-007
     107.410521 8.34437487e-007
     107.704386 9.01642577e-007
     107.998249 9.79398891e-007
     108.292114 1.04990041e-006
     108.585977 1.15229691e-006
     109.467566 1.49371222e-006
     109.761432 1.64072561e-006
     110.055295 1.7950387e-006
     110.349159 1.97147165e-006
     110.643023 2.16363426e-006
     110.936887 2.38777646e-006
     111.230751 2.64278501e-006
     111.524615 2.94041147e-006
     111.818479 3.29446573e-006
     112.112342 3.68791569e-006
     112.406206 4.15613507e-006
     112.700069 4.69491356e-006
     112.993933 5.32619044e-006
     113.287797 6.01750325e-006
     113.581661 6.79717489e-006
     113.875525 7.63217334e-006
     114.169388 8.47203233e-006
     114.463252 9.2637961e-006
     114.757116 9.91379101e-006
     115.050979 1.03498647e-005
     115.344844 1.04863579e-005
     115.638708 1.03071582e-005
     115.932571 9.84206824e-006
     116.226435 9.18226155e-006
     116.520299 8.41679793e-006
     117.108026 6.82465901e-006
     117.401889 6.09611343e-006
     117.695754 5.43140984e-006
     117.989616 4.84373377e-006
     118.283481 4.32459579e-006
     118.577345 3.87575141e-006
     118.871209 3.48183374e-006
     119.165072 3.13783484e-006
     119.458936 2.84113157e-006
     119.752801 2.57851484e-006
     120.046664 2.35084128e-006
     120.340527 2.14532939e-006
     120.634391 1.96871033e-006
     120.928255 1.82179862e-006
     121.222118 1.68202686e-006
     121.515982 1.5579165e-006
     121.809846 1.43975707e-006
      122.10371 1.3527189e-006
     122.397573 1.25987964e-006
     122.691438 1.18426418e-006
     122.985302 1.10231221e-006
     123.279165 1.04325181e-006
     123.573029 9.84088837e-007
     123.866893 9.36926488e-007
     124.160767 8.7921747e-007
      124.45462 8.30576197e-007
     124.748515 7.95596017e-007
     125.042348 7.57207269e-007
     125.630074 6.85386589e-007
     125.923973 6.56352685e-007
     126.217802  6.293841e-007
      126.80553 5.80889403e-007
     127.099394 5.53360497e-007
     127.393259 5.37654577e-007
     127.687121 5.11810478e-007
     127.980985 4.94251192e-007
     128.274849 4.85899267e-007
     128.568713 4.64297215e-007
     128.862577 4.36814227e-007
     129.156441 4.21794284e-007
     129.450303 4.16360728e-007
     129.744167 4.14522231e-007
     130.038032 3.94090762e-007
     130.331896 3.78803791e-007
     130.625759 3.7255206e-007
     130.919622 3.54508662e-007
     131.213487 3.45791666e-007
      131.50735 3.43763996e-007
     131.801214 3.30391618e-007
     132.095078 3.27705956e-007
     132.388941 3.13290128e-007
     132.682806 3.04736666e-007
     132.976669 2.99291116e-007
     133.270532 2.93642138e-007
     133.564396 2.79162542e-007
      133.85826 2.80329456e-007
     134.152125 2.86406389e-007
     134.445988 2.68034427e-007
     134.739852 2.65288023e-007
     135.033699 2.66816359e-007
     135.327579 2.58654013e-007
     135.621443 2.53236402e-007
     135.915306  2.389066e-007
      136.20917 2.55112001e-007
