     105.059612 1.88114498e-006
      105.35345 1.99454596e-006
     105.647339 2.13353028e-006
     105.941186 2.29415148e-006
     106.235066 2.47088599e-006
     106.822799 2.8669562e-006
     107.116659 3.12824363e-006
     107.410521 3.40893192e-006
     107.704386 3.72970078e-006
     107.998249 4.09551623e-006
     108.292114 4.56759643e-006
     108.585977 5.1445758e-006
     109.467566 7.90349023e-006
     109.761432 9.26110179e-006
     110.055295 1.0517935e-005
     110.349159 1.13133704e-005
     110.643023 1.17906687e-005
     110.936887 1.24031745e-005
     111.230751 1.34666148e-005
     111.524615 1.50349136e-005
     111.818479 1.72303152e-005
     112.112342 2.01798683e-005
     112.406206 2.39540637e-005
     112.700069 2.91758301e-005
     112.993933 3.61587649e-005
     113.287797 4.5854196e-005
     113.581661 5.95798063e-005
     117.401889 4.36911628e-005
     117.695754 3.49612561e-005
     117.989616 2.88791052e-005
     118.283481 2.40391234e-005
     118.577345 2.03467116e-005
     118.871209 1.74957448e-005
     119.165072 1.51781694e-005
     119.458936 1.3292074e-005
     119.752801 1.17400504e-005
     120.046664 1.04686097e-005
     120.340527 9.36268991e-006
     120.634391 8.47537539e-006
     120.928255 7.67497394e-006
     121.222118 7.00907463e-006
     121.515982 6.43919683e-006
     121.809846 5.93225634e-006
      122.10371 5.47897688e-006
     122.397573 5.06215202e-006
     122.691438 4.71070157e-006
     122.985302 4.39790355e-006
     123.279165 4.11919483e-006
     123.573029 3.85273998e-006
     123.866893 3.62422638e-006
     124.160767 3.42284545e-006
      124.45462 3.27813004e-006
     124.748515 3.05243403e-006
     125.042348 2.88778769e-006
     125.630074 2.63062036e-006
     125.923973 2.49370759e-006
     126.217802 2.37778025e-006
      126.80553 2.1906351e-006
     127.099394 2.09525092e-006
     127.393259 2.00324394e-006
     127.687121 1.92926054e-006
     127.980985 1.86148083e-006
     128.274849 1.78813859e-006
     128.568713 1.72614353e-006
     128.862577 1.67717352e-006
     129.156441 1.62040831e-006
     129.450303 1.55967191e-006
     129.744167 1.51182672e-006
     130.038032 1.46186172e-006
     130.331896 1.41672155e-006
     130.625759 1.37169722e-006
     130.919622 1.34221496e-006
     131.213487 1.30268334e-006
      131.50735 1.26257695e-006
     131.801214 1.22305452e-006
     132.095078 1.20311166e-006
     132.388941 1.17488013e-006
     132.682806 1.14350215e-006
     132.976669 1.10864459e-006
     133.270532 1.09694622e-006
     133.564396 1.07049277e-006
      133.85826 1.0456554e-006
     134.152125 1.00803928e-006
     134.445988 1.00050167e-006
     134.739852 9.78455722e-007
     135.033699 9.45891177e-007
     135.327579 9.2427374e-007
     135.621443 9.11247814e-007
     135.915306 9.23074364e-007
      136.20917 8.87616301e-007
     136.503034 8.53419367e-007
     136.796898 8.42013865e-007
     137.090761 8.41994422e-007
     137.384626 8.40405245e-007
     137.678489 8.07022896e-007
     137.972354 7.78711111e-007
     138.266217 7.89561785e-007
     138.560081 8.03610758e-007
     138.853945 7.6046662e-007
     139.147807 7.23975058e-007
     139.441672 7.3650845e-007
     139.735535 7.38354655e-007
       140.0294 7.33626152e-007
     140.323264 6.9155254e-007
     140.617127 6.82954331e-007
      140.91099 7.01485536e-007
     141.204854 7.08363693e-007
     141.498718 6.39795477e-007
     141.792582 6.20426579e-007
     142.086446 6.98780124e-007
      142.38031 6.55208086e-007
     142.674174 6.26038928e-007
     142.968037 6.18990253e-007
       143.2619 6.65762714e-007
     143.555764 6.62241376e-007
     143.849628 6.36700892e-007
     144.143492 6.21822788e-007
     144.437355 6.64150393e-007
      144.73122 6.09252479e-007
     145.025083 6.39117045e-007
     145.318947  5.631775e-007
     145.612811 6.13726792e-007
