     105.059612 1.18203983e-006
      105.35345 1.26016937e-006
     105.647339 1.35066149e-006
     105.941186 1.45212697e-006
     106.235066 1.5556829e-006
     106.822799 1.81461633e-006
     107.116659 1.9586936e-006
     107.410521 2.15649735e-006
     107.704386 2.3647586e-006
     107.998249 2.61082181e-006
     108.292114 2.90602837e-006
     108.585977 3.29708663e-006
     109.467566 5.41627833e-006
     109.761432 6.63353395e-006
     110.055295 7.80103934e-006
     110.349159 8.25815013e-006
     110.643023 8.11443654e-006
     110.936887 8.19023114e-006
     111.230751 8.75501757e-006
     111.524615 9.73610125e-006
     111.818479 1.11539932e-005
     112.112342 1.30923997e-005
     112.406206 1.56195241e-005
     112.700069 1.91342078e-005
     112.993933 2.39160821e-005
     113.287797 3.06852391e-005
     113.581661 4.0690861e-005
     117.401889 2.90370443e-005
     117.695754 2.30539733e-005
     117.989616 1.88027916e-005
     118.283481 1.56023349e-005
     118.577345 1.31491001e-005
     118.871209 1.12500999e-005
     119.165072 9.72877997e-006
     119.458936 8.51028501e-006
     119.752801 7.50064005e-006
     120.046664 6.66458424e-006
     120.340527 5.93741728e-006
     120.634391 5.38230473e-006
     120.928255 4.87879347e-006
     121.222118 4.45004888e-006
     121.515982 4.08179623e-006
     121.809846 3.74594946e-006
      122.10371 3.46814277e-006
     122.397573 3.21657516e-006
     122.691438 2.98341618e-006
     122.985302 2.78368069e-006
     123.279165 2.60254694e-006
     123.573029 2.44496627e-006
     123.866893 2.29874492e-006
     124.160767 2.16091153e-006
      124.45462 2.04098675e-006
     124.748515 1.93028396e-006
     125.042348 1.83491557e-006
     125.630074 1.65027383e-006
     125.923973 1.57921729e-006
     126.217802 1.51093968e-006
      126.80553 1.3819937e-006
     127.099394 1.3242501e-006
     127.393259 1.27019969e-006
     127.687121 1.21963849e-006
     127.980985 1.17643061e-006
     128.274849 1.13235052e-006
     128.568713 1.09147472e-006
     128.862577 1.0535176e-006
     129.156441 1.0202581e-006
     129.450303 9.83980946e-007
     129.744167 9.54328866e-007
     130.038032 9.21732058e-007
     130.331896 8.94622439e-007
     130.625759 8.67544682e-007
     130.919622 8.41679029e-007
     131.213487 8.20247302e-007
      131.50735 7.95611894e-007
     131.801214 7.76243702e-007
     132.095078 7.57683205e-007
     132.388941 7.39272406e-007
     132.682806 7.19533265e-007
     132.976669 7.05550127e-007
     133.270532 6.85289408e-007
     133.564396 6.71652177e-007
      133.85826 6.63724679e-007
     134.152125 6.42800926e-007
     134.445988 6.28998675e-007
     134.739852 6.2032831e-007
     135.033699 6.04919179e-007
     135.327579 5.89320613e-007
     135.621443 5.77528303e-007
     135.915306 5.72599242e-007
      136.20917 5.59246527e-007
     136.503034 5.40771088e-007
     136.796898 5.33814168e-007
     137.090761 5.27249368e-007
     137.384626 5.25092387e-007
     137.678489 5.05790728e-007
     137.972354 5.06297243e-007
     138.266217 4.99141298e-007
     138.560081 4.84453196e-007
     138.853945 4.80575446e-007
     139.147807 4.81383383e-007
     139.441672 4.62275862e-007
     139.735535 4.46343678e-007
       140.0294 4.45763301e-007
     140.323264 4.56101532e-007
     140.617127 4.35839658e-007
      140.91099 4.2942126e-007
     141.204854 4.25159245e-007
     141.498718 4.23809766e-007
     141.792582 4.16365061e-007
     142.086446 4.10831706e-007
      142.38031 4.22944328e-007
     142.674174 4.12312845e-007
     142.968037 4.15057609e-007
       143.2619 3.94248098e-007
     143.555764 4.06273147e-007
     143.849628 4.18078488e-007
     144.143492 3.92571623e-007
     144.437355 3.35275462e-007
      144.73122 3.78883662e-007
     145.025083 3.66288925e-007
     145.318947 3.70211928e-007
     145.612811 3.54256283e-007
