     105.059612 1.23592968e-006
      105.35345 1.31389249e-006
     105.647339 1.40728477e-006
     105.941186 1.4872599e-006
     106.235066 1.58027812e-006
     106.822799 1.8114189e-006
     107.116659 1.94266721e-006
     107.410521 2.06498613e-006
     107.704386 2.21794781e-006
     107.998249 2.39667964e-006
     108.292114 2.55992915e-006
     108.585977 2.76851467e-006
     109.467566 3.51468741e-006
     109.761432 3.79341288e-006
     110.055295 4.11495449e-006
     110.349159 4.47163705e-006
     110.643023 4.88986998e-006
     110.936887 5.32255905e-006
     111.230751 5.81782793e-006
     111.524615 6.37879158e-006
     111.818479 7.00389749e-006
     112.112342 7.67725775e-006
     112.406206 8.42805538e-006
     112.700069 9.24533178e-006
     112.993933 1.01444234e-005
     113.287797 1.10770127e-005
     113.581661 1.20576562e-005
     113.875525 1.30192009e-005
     114.169388 1.39588295e-005
     114.463252 1.47571113e-005
     114.757116 1.53727013e-005
     115.050979 1.57658806e-005
     115.344844 1.59120308e-005
     115.638708 1.58080915e-005
     115.932571 1.54100845e-005
     116.226435 1.48369377e-005
     116.520299 1.40965884e-005
     117.108026 1.23337135e-005
     117.401889 1.1424234e-005
     117.695754 1.05289253e-005
     117.989616 9.68463878e-006
     118.283481 8.89318139e-006
     118.577345 8.18370883e-006
     118.871209 7.5142958e-006
     119.165072 6.91538629e-006
     119.458936 6.36426722e-006
     119.752801 5.86856245e-006
     120.046664 5.42751326e-006
     120.340527 5.02575484e-006
     120.634391 4.66489118e-006
     120.928255 4.3452567e-006
     121.222118 4.04218301e-006
     121.515982 3.78397982e-006
     121.809846 3.53996017e-006
      122.10371 3.31354405e-006
     122.397573 3.11787524e-006
     122.691438 2.9435804e-006
     122.985302 2.77882013e-006
     123.279165 2.61515702e-006
     123.573029 2.48092501e-006
     123.866893 2.35684733e-006
     124.160767 2.24623757e-006
      124.45462 2.12624102e-006
     124.748515 2.0235588e-006
     125.042348 1.9317707e-006
     125.630074 1.7703463e-006
     125.923973 1.69232845e-006
     126.217802 1.61695081e-006
      126.80553 1.50115274e-006
     127.099394 1.4370983e-006
     127.393259 1.38706432e-006
     127.687121 1.33330734e-006
     127.980985 1.28775772e-006
     128.274849 1.23716865e-006
     128.568713 1.21421705e-006
     128.862577 1.17940187e-006
     129.156441 1.14017073e-006
     129.450303 1.09049496e-006
     129.744167 1.05974123e-006
     130.038032 1.02954765e-006
     130.331896 9.96182182e-007
     130.625759 9.76275934e-007
     130.919622 9.43228999e-007
     131.213487 9.26634234e-007
      131.50735 9.03913898e-007
     131.801214 8.76970591e-007
     132.095078 8.67320827e-007
     132.388941 8.43367602e-007
     132.682806 8.20387435e-007
     132.976669 7.89155535e-007
     133.270532 7.84636319e-007
     133.564396 7.66224739e-007
      133.85826  7.397074e-007
     134.152125 7.25372992e-007
     134.445988 7.23364706e-007
     134.739852 7.16682986e-007
     135.033699 6.94184258e-007
     135.327579 6.78327886e-007
     135.621443 6.71608686e-007
     135.915306 6.54835681e-007
      136.20917 6.39985152e-007
