     105.059612 6.19185448e-007
      105.35345 6.64994968e-007
     105.647339 6.89069288e-007
     105.941186 7.42768412e-007
     106.235066 8.10531529e-007
     106.822799 8.89519017e-007
     107.116659 9.72609095e-007
     107.410521 1.04142271e-006
     107.704386 1.10789872e-006
     107.998249 1.18632269e-006
     108.292114 1.26382976e-006
     108.585977 1.39030448e-006
     109.467566 1.74357339e-006
     109.761432 1.90546775e-006
     110.055295 2.06307903e-006
     110.349159 2.23528249e-006
     110.643023 2.42493147e-006
     110.936887 2.66658893e-006
     111.230751 2.89737523e-006
     111.524615 3.16880896e-006
     111.818479 3.47974185e-006
     112.112342 3.82326333e-006
     112.406206 4.20475592e-006
     112.700069 4.60123845e-006
     112.993933 5.04861522e-006
     113.287797 5.50780226e-006
     113.581661 5.99249859e-006
     113.875525 6.46948927e-006
     114.169388 6.92630873e-006
     114.463252 7.30843336e-006
     114.757116 7.63145655e-006
     115.050979 7.82990031e-006
     115.344844 7.89967331e-006
     115.638708 7.84638028e-006
     115.932571 7.67072761e-006
     116.226435 7.38379308e-006
     116.520299 7.00782024e-006
     117.108026 6.12358455e-006
     117.401889 5.68607989e-006
     117.695754 5.25726217e-006
     117.989616 4.83289265e-006
     118.283481 4.42947179e-006
     118.577345 4.07090863e-006
     118.871209 3.74509747e-006
     119.165072 3.4483334e-006
     119.458936 3.17132096e-006
     119.752801 2.92023039e-006
     120.046664 2.70445453e-006
     120.340527 2.51395074e-006
     120.634391 2.33201718e-006
     120.928255 2.16057332e-006
     121.222118 2.01234696e-006
     121.515982 1.8790715e-006
     121.809846 1.76469275e-006
      122.10371 1.66912269e-006
     122.397573 1.54049471e-006
     122.691438 1.45674231e-006
     122.985302 1.38755007e-006
     123.279165 1.31810318e-006
     123.573029 1.23773297e-006
     123.866893 1.15733161e-006
     124.160767 1.10757771e-006
      124.45462 1.07451189e-006
     124.748515 1.01062045e-006
     125.042348 9.6008697e-007
     125.630074 8.86198397e-007
     125.923973 8.6365042e-007
     126.217802 8.02462219e-007
      126.80553 7.44833661e-007
     127.099394 7.15528751e-007
     127.393259 6.85033471e-007
     127.687121 6.7147858e-007
     127.980985 6.44233851e-007
     128.274849 6.10307299e-007
     128.568713 5.98289879e-007
     128.862577 5.86744698e-007
     129.156441 5.72236755e-007
     129.450303 5.45963571e-007
     129.744167 5.22509952e-007
     130.038032 5.16204391e-007
     130.331896 5.02528557e-007
     130.625759 4.83854773e-007
     130.919622 4.75444864e-007
     131.213487 4.64276095e-007
      131.50735 4.5105196e-007
     131.801214 4.28005002e-007
     132.095078 4.27140804e-007
     132.388941 4.24524024e-007
     132.682806 4.10841256e-007
     132.976669  3.808149e-007
     133.270532 3.81681885e-007
     133.564396 3.68820638e-007
      133.85826 3.76303667e-007
     134.152125 3.61404953e-007
     134.445988 3.4766891e-007
     134.739852 3.50638923e-007
     135.033699 3.22443263e-007
     135.327579 3.37526524e-007
     135.621443 3.36748449e-007
     135.915306 3.36714047e-007
      136.20917 3.0790193e-007
