     105.059612 2.62459217e-006
      105.35345 2.80325907e-006
     105.647339 2.99117622e-006
     105.941186 3.20128254e-006
     106.235066 3.45094423e-006
     106.822799 4.00445593e-006
     107.116659  4.343492e-006
     107.410521 4.74812368e-006
     107.704386 5.20199955e-006
     107.998249 5.72018524e-006
     108.292114 6.32255737e-006
     108.585977 7.07471159e-006
     109.467566 1.04388574e-005
     109.761432 1.19572167e-005
     110.055295 1.33907719e-005
     110.349159 1.45710639e-005
     110.643023 1.55637175e-005
     110.936887 1.67184647e-005
     111.230751 1.83527384e-005
     111.524615 2.05959391e-005
     111.818479 2.35706671e-005
     112.112342 2.75217943e-005
     112.406206 3.23821803e-005
     112.700069 3.92438446e-005
     112.993933 4.83368076e-005
     113.287797 6.05913148e-005
     113.581661 7.72220584e-005
     117.401889 5.79880098e-005
     117.695754 4.69414372e-005
     117.989616 3.91983344e-005
     118.283481 3.28479917e-005
     118.577345 2.78683109e-005
     118.871209 2.40809362e-005
     119.165072 2.09257881e-005
     119.458936 1.83990987e-005
     119.752801 1.62709429e-005
     120.046664 1.4532228e-005
     120.340527 1.30009945e-005
     120.634391 1.17927861e-005
     120.928255 1.07092309e-005
     121.222118 9.77563366e-006
     121.515982 8.97523864e-006
     121.809846 8.25802394e-006
      122.10371 7.66215627e-006
     122.397573 7.10162044e-006
     122.691438 6.60000128e-006
     122.985302 6.13966577e-006
     123.279165 5.76294516e-006
     123.573029 5.41867475e-006
     123.866893 5.08888082e-006
     124.160767 4.78981723e-006
      124.45462 4.51163243e-006
     124.748515 4.28843246e-006
     125.042348 4.06549098e-006
     125.630074 3.67391422e-006
     125.923973 3.51237602e-006
     126.217802 3.34808112e-006
      126.80553 3.07126919e-006
     127.099394 2.94851397e-006
     127.393259 2.81393947e-006
     127.687121 2.70880417e-006
     127.980985 2.6159546e-006
     128.274849 2.51734137e-006
     128.568713 2.42587025e-006
     128.862577 2.34091887e-006
     129.156441 2.26305645e-006
     129.450303 2.19699854e-006
     129.744167 2.12220792e-006
     130.038032 2.05513399e-006
     130.331896 1.99740668e-006
     130.625759 1.93636105e-006
     130.919622 1.87348527e-006
     131.213487 1.82793572e-006
      131.50735 1.78178866e-006
     131.801214 1.72531759e-006
     132.095078 1.67760328e-006
     132.388941 1.63839549e-006
     132.682806 1.60842493e-006
     132.976669 1.56631891e-006
     133.270532 1.52436629e-006
     133.564396 1.4904854e-006
      133.85826 1.46685403e-006
     134.152125 1.42702094e-006
     134.445988 1.39961252e-006
     134.739852 1.3676911e-006
     135.033699 1.33972729e-006
     135.327579 1.30773634e-006
     135.621443 1.29090864e-006
     135.915306 1.28166001e-006
      136.20917 1.25265444e-006
     136.503034 1.21703356e-006
     136.796898 1.18762249e-006
     137.090761 1.15731338e-006
     137.384626 1.15978412e-006
     137.678489 1.1493738e-006
     137.972354 1.12104994e-006
     138.266217 1.12027117e-006
     138.560081 1.08299233e-006
     138.853945 1.07311144e-006
     139.147807 1.07076308e-006
     139.441672 1.05528835e-006
     139.735535 1.00312026e-006
       140.0294 1.00416756e-006
     140.323264 1.00671982e-006
     140.617127 9.93685665e-007
      140.91099 9.69473705e-007
     141.204854 9.45891331e-007
     141.498718 9.61525602e-007
     141.792582 9.6196181e-007
     142.086446 8.99401087e-007
      142.38031 9.12602174e-007
     142.674174 9.15073038e-007
     142.968037 9.42437684e-007
       143.2619 8.86062684e-007
     143.555764 8.62556655e-007
     143.849628 8.7520985e-007
     144.143492 8.79087469e-007
     144.437355 8.45597045e-007
      144.73122 8.1394196e-007
     145.025083 8.50012609e-007
     145.318947 8.8854073e-007
     145.612811 8.74157503e-007
