     105.059612 6.11715503e-007
      105.35345 6.8191014e-007
     105.647339 6.94528863e-007
     105.941186 7.38130147e-007
     106.235066 7.78716688e-007
     106.822799 8.59007292e-007
     107.116659 9.46814278e-007
     107.410521 1.0195878e-006
     107.704386 1.1300485e-006
     107.998249 1.19059923e-006
     108.292114 1.24178624e-006
     108.585977 1.37327303e-006
     109.467566 1.72704041e-006
     109.761432 1.88107332e-006
     110.055295 2.06179956e-006
     110.349159 2.24626127e-006
     110.643023 2.41984119e-006
     110.936887 2.65380594e-006
     111.230751 2.89584421e-006
     111.524615 3.1669903e-006
     111.818479 3.47319528e-006
     112.112342 3.80472029e-006
     112.406206 4.19269691e-006
     112.700069 4.60993284e-006
     112.993933 5.0394872e-006
     113.287797 5.48482244e-006
     113.581661 5.97451822e-006
     113.875525 6.45040496e-006
     114.169388 6.91448697e-006
     114.463252 7.28672768e-006
     114.757116 7.62522053e-006
     115.050979 7.80463138e-006
     115.344844 7.9031167e-006
     115.638708 7.82314848e-006
     115.932571 7.63127266e-006
     116.226435 7.35388497e-006
     116.520299 6.98917792e-006
     117.108026 6.11940793e-006
     117.401889 5.65500845e-006
     117.695754 5.23550947e-006
     117.989616 4.83823796e-006
     118.283481 4.42932497e-006
     118.577345 4.07086105e-006
     118.871209 3.73407742e-006
     119.165072 3.44739779e-006
     119.458936 3.15962508e-006
     119.752801 2.91324825e-006
     120.046664 2.69492645e-006
     120.340527 2.50664341e-006
     120.634391 2.32979318e-006
     120.928255 2.16316251e-006
     121.222118 2.02084393e-006
     121.515982 1.86684743e-006
     121.809846 1.75623712e-006
      122.10371 1.66127266e-006
     122.397573 1.55225161e-006
     122.691438 1.45380513e-006
     122.985302 1.36539118e-006
     123.279165 1.30871571e-006
     123.573029 1.25287782e-006
     123.866893 1.18716845e-006
     124.160767 1.10780867e-006
      124.45462 1.05382683e-006
     124.748515 1.01297573e-006
     125.042348 9.64880333e-007
     125.630074 8.74616619e-007
     125.923973 8.6317905e-007
     126.217802 8.13942743e-007
      126.80553 7.30877455e-007
     127.099394 7.13866009e-007
     127.393259 6.86343626e-007
     127.687121 6.57269811e-007
     127.980985 6.53196685e-007
     128.274849 6.21078876e-007
     128.568713 6.06346622e-007
     128.862577 5.71648598e-007
     129.156441 5.50260197e-007
     129.450303 5.3617527e-007
     129.744167 5.28264508e-007
     130.038032 5.13472558e-007
     130.331896 4.9331614e-007
     130.625759 4.88104473e-007
     130.919622 4.65147827e-007
     131.213487 4.58893309e-007
      131.50735 4.50183785e-007
     131.801214 4.29345982e-007
     132.095078 4.24611051e-007
     132.388941 4.14723946e-007
     132.682806 4.19739596e-007
     132.976669 4.02994918e-007
     133.270532 3.72310101e-007
     133.564396 3.54819364e-007
      133.85826 3.8714299e-007
     134.152125 3.70697395e-007
     134.445988 3.41830981e-007
     134.739852 3.37028158e-007
     135.033699 3.41509739e-007
     135.327579 3.53468553e-007
     135.621443 3.1550909e-007
     135.915306 2.93020387e-007
      136.20917 2.89954797e-007
