     105.059612 6.19302064e-007
      105.35345 6.57511688e-007
     105.647339 6.84522468e-007
     105.941186 7.30246124e-007
     106.235066 7.98707761e-007
     106.822799 8.94609642e-007
     107.116659 9.70820942e-007
     107.410521 1.03338805e-006
     107.704386 1.11606424e-006
     107.998249 1.19106072e-006
     108.292114 1.26094616e-006
     108.585977 1.3846203e-006
     109.467566 1.74307021e-006
     109.761432 1.89530045e-006
     110.055295 2.06314194e-006
     110.349159 2.24186023e-006
     110.643023 2.44171234e-006
     110.936887 2.67188097e-006
     111.230751 2.91181146e-006
     111.524615 3.18401513e-006
     111.818479 3.48581575e-006
     112.112342 3.83161179e-006
     112.406206 4.20564546e-006
     112.700069 4.60590608e-006
     112.993933 5.06233684e-006
     113.287797 5.52817602e-006
     113.581661 6.00522476e-006
     113.875525 6.4926193e-006
     114.169388 6.9299934e-006
     114.463252 7.32334431e-006
     114.757116 7.64235964e-006
     115.050979 7.85535915e-006
     115.344844 7.91756937e-006
     115.638708 7.86186601e-006
     115.932571 7.67273248e-006
     116.226435 7.39273296e-006
     116.520299 7.01064332e-006
     117.108026 6.14790324e-006
     117.401889 5.69190012e-006
     117.695754 5.24839528e-006
     117.989616 4.84694719e-006
     118.283481 4.43951745e-006
     118.577345 4.09403837e-006
     118.871209 3.75579758e-006
     119.165072 3.45831597e-006
     119.458936 3.17889166e-006
     119.752801 2.93439514e-006
     120.046664 2.7134164e-006
     120.340527 2.51763246e-006
     120.634391 2.3333858e-006
     120.928255 2.1666808e-006
     121.222118 2.0254255e-006
     121.515982 1.88803512e-006
     121.809846 1.77041908e-006
      122.10371 1.6701756e-006
     122.397573 1.55708409e-006
     122.691438 1.46018515e-006
     122.985302 1.38994139e-006
     123.279165 1.31699013e-006
     123.573029 1.2427132e-006
     123.866893 1.16961039e-006
     124.160767 1.11542136e-006
      124.45462 1.06361614e-006
     124.748515 1.01451404e-006
     125.042348 9.69408747e-007
     125.630074 8.85369839e-007
     125.923973 8.52085598e-007
     126.217802 8.16735822e-007
      126.80553 7.40594624e-007
     127.099394 7.14176011e-007
     127.393259 6.92101495e-007
     127.687121 6.74219778e-007
     127.980985 6.37454452e-007
     128.274849 6.08880115e-007
     128.568713 6.01067563e-007
     128.862577 5.74057725e-007
     129.156441 5.60631425e-007
     129.450303 5.42287966e-007
     129.744167 5.35747843e-007
     130.038032 5.05515272e-007
     130.331896 4.99156272e-007
     130.625759 4.82883467e-007
     130.919622 4.7017665e-007
     131.213487 4.67311392e-007
      131.50735 4.59755349e-007
     131.801214 4.33875213e-007
     132.095078 4.22462494e-007
     132.388941 4.17749674e-007
     132.682806 4.15299041e-007
     132.976669 3.95914381e-007
     133.270532 3.79385264e-007
     133.564396 3.64998481e-007
      133.85826 3.72711284e-007
     134.152125 3.61132625e-007
     134.445988 3.59403471e-007
     134.739852 3.4855058e-007
     135.033699 3.48206811e-007
     135.327579 3.14559394e-007
     135.621443 2.98800897e-007
     135.915306 3.03077683e-007
      136.20917 3.10435224e-007
