     105.059612 7.20370738e-007
      105.35345 7.65989952e-007
     105.647339 8.07212822e-007
     105.941186 8.64271151e-007
     106.235066 9.25480347e-007
     106.822799 1.02840209e-006
     107.116659 1.09355453e-006
     107.410521 1.18698891e-006
     107.704386 1.25513226e-006
     107.998249 1.32513699e-006
     108.292114 1.42113003e-006
     108.585977 1.54005508e-006
     109.467566 1.8891041e-006
     109.761432 2.04525804e-006
     110.055295  2.195975e-006
     110.349159 2.35209741e-006
     110.643023 2.54686708e-006
     110.936887 2.75519256e-006
     111.230751 2.95784777e-006
     111.524615 3.17776497e-006
     111.818479 3.44142611e-006
     112.112342 3.70906339e-006
     112.406206 3.99209419e-006
     112.700069 4.28457293e-006
     112.993933 4.59720679e-006
     113.287797 4.91550028e-006
     113.581661 5.21217076e-006
     113.875525 5.50881379e-006
     114.169388 5.78099315e-006
     114.463252 5.98816915e-006
     114.757116 6.18088026e-006
     115.050979 6.30489263e-006
     115.344844 6.35542425e-006
     115.638708 6.34270136e-006
     115.932571 6.26032583e-006
     116.226435 6.11935343e-006
     116.520299 5.90813984e-006
     117.108026 5.39029483e-006
     117.401889 5.13194484e-006
     117.695754 4.84981055e-006
     117.989616 4.55972723e-006
     118.283481 4.26992562e-006
     118.577345 3.99905082e-006
     118.871209 3.74375834e-006
     119.165072 3.50982775e-006
     119.458936 3.28703358e-006
     119.752801 3.0639433e-006
     120.046664 2.86344466e-006
     120.340527 2.69433524e-006
     120.634391 2.53781453e-006
     120.928255 2.36180221e-006
     121.222118 2.22937258e-006
     121.515982 2.0937056e-006
     121.809846 1.98836685e-006
      122.10371 1.88207069e-006
     122.397573 1.76733118e-006
     122.691438 1.65797898e-006
     122.985302 1.57357845e-006
     123.279165 1.51997028e-006
     123.573029 1.4406333e-006
     123.866893 1.34879026e-006
     124.160767 1.29042884e-006
      124.45462 1.2571755e-006
     124.748515 1.19580285e-006
     125.042348 1.12910692e-006
     125.630074 1.03897875e-006
     125.923973 1.00558597e-006
     126.217802 9.64637958e-007
      126.80553 8.84560544e-007
     127.099394 8.66440132e-007
     127.393259 8.26004232e-007
     127.687121 8.07535684e-007
     127.980985 7.76374984e-007
     128.274849 7.38325553e-007
     128.568713 7.14235776e-007
     128.862577 6.90467326e-007
     129.156441 6.78122488e-007
     129.450303 6.64517537e-007
     129.744167 6.3983875e-007
     130.038032 6.23371767e-007
     130.331896  6.050921e-007
     130.625759 5.83985373e-007
     130.919622 5.61391077e-007
     131.213487 5.58936512e-007
      131.50735 5.52628944e-007
     131.801214 5.24771397e-007
     132.095078 4.99565071e-007
     132.388941 4.95805169e-007
     132.682806 5.00446913e-007
     132.976669 4.86603364e-007
     133.270532 4.55708263e-007
     133.564396 4.64629316e-007
      133.85826 4.55034421e-007
     134.152125 4.36568358e-007
     134.445988 4.22613822e-007
     134.739852 4.25985731e-007
     135.033699 4.28291502e-007
     135.327579 3.98615556e-007
     135.621443 3.75098268e-007
     135.915306 4.11475853e-007
      136.20917 3.73752317e-007
