     105.059612 1.85340444e-006
      105.35345 1.96663272e-006
     105.647339 2.09426373e-006
     105.941186 2.23503102e-006
     106.235066 2.37361864e-006
     106.822799 2.68416081e-006
     107.116659 2.88064461e-006
     107.410521 3.09320654e-006
     107.704386 3.30687777e-006
     107.998249 3.56120521e-006
     108.292114 3.83675053e-006
     108.585977 4.13622752e-006
     109.467566 5.23406826e-006
     109.761432 5.69106672e-006
     110.055295 6.15805169e-006
     110.349159 6.70309538e-006
     110.643023 7.29913596e-006
     110.936887 7.97545813e-006
     111.230751 8.71178795e-006
     111.524615 9.53147317e-006
     111.818479 1.04593124e-005
     112.112342 1.14957179e-005
     112.406206 1.26267727e-005
     112.700069 1.38347319e-005
     112.993933 1.51795121e-005
     113.287797 1.65911857e-005
     113.581661 1.80265139e-005
     113.875525 1.94798188e-005
     114.169388 2.08904864e-005
     114.463252 2.2057907e-005
     114.757116 2.30348117e-005
     115.050979 2.35980674e-005
     115.344844 2.38292843e-005
     115.638708 2.36634777e-005
     115.932571 2.30759245e-005
     116.226435 2.22380971e-005
     116.520299 2.11108258e-005
     117.108026 1.84724013e-005
     117.401889 1.71066879e-005
     117.695754 1.57713918e-005
     117.989616 1.45026571e-005
     118.283481 1.33034228e-005
     118.577345 1.22402293e-005
     118.871209 1.1250567e-005
     119.165072 1.03486424e-005
     119.458936 9.53166572e-006
     119.752801 8.7794095e-006
     120.046664 8.12066125e-006
     120.340527 7.52266993e-006
     120.634391 6.98282745e-006
     120.928255 6.51268013e-006
     121.222118 6.04567932e-006
     121.515982 5.65693373e-006
     121.809846 5.3031863e-006
      122.10371 4.95672364e-006
     122.397573 4.65185019e-006
     122.691438 4.38444082e-006
     122.985302 4.14487474e-006
     123.279165 3.91871438e-006
     123.573029  3.701976e-006
     123.866893 3.50591188e-006
     124.160767 3.33736904e-006
      124.45462 3.18462981e-006
     124.748515 3.02036456e-006
     125.042348 2.87033243e-006
     125.630074 2.63776358e-006
     125.923973 2.51882703e-006
     126.217802 2.40996167e-006
      126.80553 2.23904032e-006
     127.099394 2.14497856e-006
     127.393259 2.05627558e-006
     127.687121 1.99244059e-006
     127.980985 1.92289565e-006
     128.274849 1.85165624e-006
     128.568713 1.79600347e-006
     128.862577 1.74298313e-006
     129.156441 1.68828762e-006
     129.450303 1.62505629e-006
     129.744167 1.57999571e-006
     130.038032 1.53319407e-006
     130.331896 1.4913718e-006
     130.625759 1.44554598e-006
     130.919622 1.40492057e-006
     131.213487 1.38162668e-006
      131.50735 1.33317322e-006
     131.801214 1.29309808e-006
     132.095078 1.27450119e-006
     132.388941 1.23920866e-006
     132.682806 1.20602464e-006
     132.976669 1.17495679e-006
     133.270532 1.16123594e-006
     133.564396 1.12822894e-006
      133.85826 1.10234989e-006
     134.152125 1.07404302e-006
     134.445988 1.05652198e-006
     134.739852 1.04662821e-006
     135.033699 1.00896378e-006
     135.327579 9.92846386e-007
     135.621443 9.8922075e-007
     135.915306 9.88505655e-007
      136.20917 9.58260691e-007
