     105.059612 8.21637349e-007
      105.35345 8.74498425e-007
     105.647339 9.14798573e-007
     105.941186 9.70268013e-007
     106.235066 1.02636129e-006
     106.822799 1.13670044e-006
     107.116659 1.21226152e-006
     107.410521 1.28691652e-006
     107.704386 1.36154441e-006
     107.998249 1.43637319e-006
     108.292114 1.53431475e-006
     108.585977 1.63519186e-006
     109.467566 1.97011183e-006
     109.761432 2.11028774e-006
     110.055295 2.2497117e-006
     110.349159 2.39888154e-006
     110.643023 2.56232086e-006
     110.936887 2.72624346e-006
     111.230751  2.908199e-006
     111.524615 3.09991181e-006
     111.818479 3.29112098e-006
     112.112342 3.49314446e-006
     112.406206 3.71145324e-006
     112.700069 3.93365402e-006
     112.993933 4.15188504e-006
     113.287797 4.35939783e-006
     113.581661 4.58220695e-006
     113.875525 4.76551091e-006
     114.169388 4.93062274e-006
     114.463252 5.0781419e-006
     114.757116 5.18710473e-006
     115.050979  5.270582e-006
     115.344844 5.31364622e-006
     115.638708 5.31464183e-006
     115.932571 5.25950969e-006
     116.226435 5.18449071e-006
     116.520299 5.0716006e-006
     117.108026 4.77558004e-006
     117.401889 4.60323885e-006
     117.695754 4.40578579e-006
     117.989616 4.20715395e-006
     118.283481 4.01673783e-006
     118.577345 3.82044456e-006
     118.871209 3.62647639e-006
     119.165072 3.4405807e-006
     119.458936 3.26032723e-006
     119.752801 3.08069251e-006
     120.046664 2.92376038e-006
     120.340527 2.76603206e-006
     120.634391 2.61709331e-006
     120.928255 2.48504953e-006
     121.222118 2.35478629e-006
     121.515982 2.23657572e-006
     121.809846 2.12991799e-006
      122.10371 2.02108864e-006
     122.397573 1.91771124e-006
     122.691438 1.83204698e-006
     122.985302 1.74664838e-006
     123.279165 1.66235581e-006
     123.573029 1.57886582e-006
     123.866893 1.50818093e-006
     124.160767 1.45596477e-006
      124.45462 1.40034721e-006
     124.748515 1.32847569e-006
     125.042348 1.27658432e-006
     125.630074 1.18177466e-006
     125.923973 1.13006556e-006
     126.217802  1.090844e-006
      126.80553 1.02043207e-006
     127.099394 9.84742244e-007
     127.393259 9.59121337e-007
     127.687121 9.21417984e-007
     127.980985 8.87380274e-007
     128.274849 8.54468155e-007
     128.568713 8.36138967e-007
     128.862577 8.17748614e-007
     129.156441 7.91583332e-007
     129.450303 7.60958411e-007
     129.744167 7.40710572e-007
     130.038032 7.30642268e-007
     130.331896 7.05285622e-007
     130.625759 6.82242733e-007
     130.919622 6.72240694e-007
     131.213487 6.60420298e-007
      131.50735 6.38930092e-007
     131.801214 6.1918805e-007
     132.095078 6.07113759e-007
     132.388941 5.91220893e-007
     132.682806 5.82788147e-007
     132.976669 5.64463687e-007
     133.270532 5.57615411e-007
     133.564396 5.41544046e-007
      133.85826 5.33375793e-007
     134.152125 5.23400723e-007
     134.445988 5.12330139e-007
     134.739852 4.96487046e-007
     135.033699 4.8571678e-007
     135.327579 4.66802438e-007
     135.621443 4.76968995e-007
     135.915306 4.48043745e-007
      136.20917 4.59080583e-007
