     105.059612 1.18088919e-006
      105.35345 1.25036556e-006
     105.647339 1.33978555e-006
     105.941186 1.43940047e-006
     106.235066 1.55286978e-006
     106.822799 1.84384503e-006
     107.116659 1.97273519e-006
     107.410521 2.15377879e-006
     107.704386 2.35271333e-006
     107.998249 2.5969144e-006
     108.292114 2.91182205e-006
     108.585977 3.29605276e-006
     109.467566 5.41282551e-006
     109.761432 6.6217503e-006
     110.055295 7.79474502e-006
     110.349159 8.22934065e-006
     110.643023 8.10400823e-006
     110.936887 8.17992673e-006
     111.230751 8.72314579e-006
     111.524615 9.70268085e-006
     111.818479 1.11196838e-005
     112.112342 1.30682327e-005
     112.406206 1.56100363e-005
     112.700069 1.90936108e-005
     112.993933 2.38602272e-005
     113.287797 3.06232827e-005
     113.581661 4.06027897e-005
     117.401889 2.89705411e-005
     117.695754 2.29688853e-005
     117.989616 1.87472198e-005
     118.283481 1.55625642e-005
     118.577345 1.31125812e-005
     118.871209 1.12337493e-005
     119.165072  9.706036e-006
     119.458936 8.47637896e-006
     119.752801 7.48391387e-006
     120.046664 6.6519566e-006
     120.340527 5.94610926e-006
     120.634391 5.3731419e-006
     120.928255 4.86762477e-006
     121.222118 4.43574695e-006
     121.515982 4.06957189e-006
     121.809846 3.74646459e-006
      122.10371 3.4538608e-006
     122.397573 3.19474963e-006
     122.691438 2.98131928e-006
     122.985302 2.77793297e-006
     123.279165 2.58992759e-006
     123.573029 2.42271317e-006
     123.866893 2.28752695e-006
     124.160767 2.16435357e-006
      124.45462 2.03135562e-006
     124.748515 1.91455998e-006
     125.042348 1.82018905e-006
     125.630074 1.64946027e-006
     125.923973 1.57285556e-006
     126.217802 1.50004967e-006
      126.80553 1.37083214e-006
     127.099394 1.31159697e-006
     127.393259 1.26140448e-006
     127.687121 1.2105162e-006
     127.980985 1.16272316e-006
     128.274849 1.1220977e-006
     128.568713 1.08415222e-006
     128.862577 1.05201546e-006
     129.156441 1.01407567e-006
     129.450303 9.73953677e-007
     129.744167 9.45949725e-007
     130.038032  9.164008e-007
     130.331896 8.85785467e-007
     130.625759 8.56194031e-007
     130.919622 8.36610624e-007
     131.213487 8.11730639e-007
      131.50735 7.87768209e-007
     131.801214 7.72828047e-007
     132.095078 7.61662224e-007
     132.388941 7.38810957e-007
     132.682806 7.15181511e-007
     132.976669 6.96879799e-007
     133.270532 6.85360696e-007
     133.564396 6.68420212e-007
      133.85826 6.46273567e-007
     134.152125 6.34805453e-007
     134.445988 6.2857921e-007
     134.739852 6.1044159e-007
     135.033699 5.95631968e-007
     135.327579 5.8698507e-007
     135.621443 5.75323722e-007
     135.915306 5.68439532e-007
      136.20917 5.48497837e-007
     136.503034 5.40697382e-007
     136.796898 5.40909383e-007
     137.090761 5.21824562e-007
     137.384626 5.1237736e-007
     137.678489 4.85844984e-007
     137.972354 5.04248755e-007
     138.266217 5.10460438e-007
     138.560081 4.8459464e-007
     138.853945 4.7007917e-007
     139.147807 4.56626651e-007
     139.441672 4.6539822e-007
     139.735535 4.76205506e-007
       140.0294 4.57239991e-007
     140.323264 4.26956165e-007
     140.617127 4.35760734e-007
      140.91099 4.60458275e-007
     141.204854 4.33010715e-007
     141.498718 4.23952866e-007
     141.792582 4.28450242e-007
     142.086446 4.09293999e-007
      142.38031 4.30913566e-007
     142.674174 4.04300005e-007
     142.968037 4.14173794e-007
       143.2619 4.12880523e-007
     143.555764 4.1911603e-007
     143.849628 3.6308858e-007
     144.143492 3.67162248e-007
     144.437355 4.31157999e-007
      144.73122 3.83360714e-007
     145.025083 3.84318226e-007
     145.318947 3.80189418e-007
     145.612811 3.50587931e-007
