#RAD CO+O2 regular 25.8 C
6
CO_115_O2_s1_26_0080.dat	151	0.08	0.000	25.8	0.7	1	10
CO_115_O2_s1_26_0276.dat	151	0.08	0.196	25.8	1.	1	10
CO_115_O2_s1_26_0462.dat	151	0.08	0.382	25.8	1.3	1	10
CO_115_O2_s1_26_0666.dat	151	0.08	0.586	25.8	1.8	1	10
CO_115_O2_s1_26_0871.dat	151	0.08	0.791	25.8	3.	1	10
CO_115_O2_s1_26_1074.dat	151	0.08	0.994	25.8	4.	1	10

#RAD CO+N2 regular -34.9 C
7
CO_115_N2_s1__m35_0120.dat	151	0.12	0.000	-35.2	0.8	1	10
CO_115_N2_s1__m35_0322.dat	151	0.12	0.202	-35.1	2.	1	10
CO_115_N2_s1__m35_0638.dat	151	0.12	0.518	-34.9	4.	1	10
CO_115_N2_s1__m35_0950.dat	151	0.12	0.83	-34.8	6.	1	10
CO_115_N2_s1__m35_1240.dat	151	0.12	1.12	-34.7	8.	1	10
CO_115_N2_s1__m35_1544.dat	151	0.12	1.424	-34.7	10.	1	10
CO_115_N2_s1__m35_1932.dat	151	0.12	1.812	-34.7	11.	1	10

#RAD CO+N2 regular -32.4 C
6
CO_115_N2_s1__m32_0119.dat	151	0.119	0.000	-32.3	1	1	10
CO_115_N2_s1__m32_0336.dat	151	0.119	0.217	-32.4	2	1	10
CO_115_N2_s1__m32_0646.dat	151	0.119	0.527	-32.4	4	1	10
CO_115_N2_s1__m32_0917.dat	151	0.119	0.798	-32.4	6	1	10
CO_115_N2_s1__m32_1241.dat	151	0.119	1.122	-32.4	8	1	10
CO_115_N2_s1__m32_1565.dat	151	0.119	1.446	-32.5	10	1	10

#RAD CO+N2 regular -21.5 C
6
CO_115_N2_s1__m21_0124.dat	151	0.124	0.00	-21.5	1.	1	10
CO_115_N2_s1__m21_0374.dat	151	0.124	0.25	-21.5	2.	1	10
CO_115_N2_s1__m21_0651.dat	151	0.124	0.527	-21.5	3.	1	10
CO_115_N2_s1__m21_0944.dat	151	0.124	0.82	-21.5	5.	1	10
CO_115_N2_s1__m21_1280.dat	151	0.124	1.156	-21.5	7.	1	10
CO_115_N2_s1__m21_1594.dat	151	0.124	1.47	-21.5	9.	1	10

#RAD CO+N2 regular -10 C
6
CO_115_N2_s1__m10_0162.dat	151	0.162	0.000	-10.	1.	1	10
CO_115_N2_s1__m10_0379.dat	151	0.162	0.217	-10.	2.	1	10
CO_115_N2_s1__m10_0764.dat	151	0.162	0.602	-10.	4.	1	10
CO_115_N2_s1__m10_1100.dat	151	0.162	0.938	-10.	6.	1	10
CO_115_N2_s1__m10_1434.dat	151	0.162	1.272	-10.	8.	1	10
CO_115_N2_s1__m10_1784.dat	151	0.162	1.622	-10.	9.	1	10

6
CO_115_N2_s2__m10_0132.dat	151	0.132	0.000	-10.	1.	1	10
CO_115_N2_s2__m10_0363.dat	151	0.132	0.231	-10.	2.	1	10
CO_115_N2_s2__m10_0617.dat	150	0.132	0.485	-10.	3.	1	10
CO_115_N2_s2__m10_0938.dat	151	0.132	0.806	-10.	5.	1	10
CO_115_N2_s2__m10_1227.dat	151	0.132	1.095	-10.	7.	1	10
CO_115_N2_s2__m10_1583.dat	151	0.132	1.451	-10.	9.	1	10

#RAD CO+N2 regular +00 C
7
CO_115_N2_s1_00_0099.dat	151	0.099	0.000	0.	0.6	1	10
CO_115_N2_s1_00_0262.dat	151	0.099	0.163	0.	1.2	1	10
CO_115_N2_s1_00_0585.dat	151	0.099	0.486	0.	2.5	1	10
CO_115_N2_s1_00_0908.dat	151	0.099	0.809	0.	5.	1	10
CO_115_N2_s1_00_1212.dat	151	0.099	1.113	0.	7.	1	10
CO_115_N2_s1_00_1544.dat	151	0.099	1.445	0.	9.	1	10
CO_115_N2_s1_00_1929.dat	151	0.099	1.83	0.	10.	1	10

#RAD CO+N2 regular +10 C
6
CO_115_N2_s1_10_0172.dat	151	0.172	0.000	9.8	1.	1	10
CO_115_N2_s1_10_0304.dat	151	0.172	0.132	9.8	1.5	1	10
CO_115_N2_s1_10_0610.dat	151	0.172	0.438	9.8	3.	1	10
CO_115_N2_s1_10_0922.dat	151	0.172	0.75	9.8	4.5	1	10
CO_115_N2_s1_10_1224.dat	151	0.172	1.052	9.8	6.	1	10
CO_115_N2_s1_10_1538.dat	151	0.172	1.366	9.8	8.	1	10

7
CO_115_N2_s2_10_0137.dat	151	0.137	0.000	10	1.	1	10
CO_115_N2_s2_10_0336.dat	151	0.137	0.199	10	1.5	1	10
CO_115_N2_s2_10_0632.dat	151	0.137	0.495	10	3.	1	10
CO_115_N2_s2_10_0916.dat	151	0.137	0.779	10	4.5	1	10
CO_115_N2_s2_10_1233.dat	151	0.137	1.096	10	6.	1	10
CO_115_N2_s2_10_1639.dat	151	0.137	1.502	10	8.	1	10
CO_115_N2_s2_10_1954.dat	151	0.137	1.817	10	10.	1	10

#RAD CO+N2 proportional +30 C
6
CO_115_N2_s1_30_0795.dat	151	0.01896	    0.77604	    30. 	 4.	1	10
CO_115_N2_s1_30_1279.dat	151	0.030504	1.248496	30. 	 6.	1	10
CO_115_N2_s1_30_1655.dat	151	0.039471	1.615529	30. 	 8.	1	10
CO_115_N2_s1_30_2089.dat	151	0.049822	2.039178	30. 	10.	1	10
CO_115_N2_s1_30_2488.dat	151	0.059338	2.428662	30. 	12.	1	10
CO_115_N2_s1_30_2977.dat	151	0.071	    2.906	    30. 	15.	1	10

#RAD CO+N2 regular +30 C
7
CO_115_N2_s2_30_0140.dat	151	0.14	0.000	30	1.	1	10
CO_115_N2_s2_30_0322.dat	151	0.14	0.182	30	1.5	1	10
CO_115_N2_s2_30_0611.dat	151	0.14	0.471	30	3.	1	10
CO_115_N2_s2_30_0916.dat	151	0.14	0.776	30	5.	1	10
CO_115_N2_s2_30_1214.dat	151	0.14	1.074	30	7.	1	10
CO_115_N2_s2_30_1524.dat	151	0.14	1.384	30	9.	1	10
CO_115_N2_s2_30_1842.dat	151	0.14	1.702	30	10.	1	10

7
CO_115_N2_s3_30_0143.dat	151	0.143	0.000	30	1.	1	10
CO_115_N2_s3_30_0365.dat	151	0.143	0.222	30	2.	1	10
CO_115_N2_s3_30_0621.dat	151	0.143	0.478	30	3.	1	10
CO_115_N2_s3_30_0919.dat	151	0.143	0.776	30	5.	1	10
CO_115_N2_s3_30_1237.dat	151	0.143	1.094	30	7.	1	10
CO_115_N2_s3_30_1550.dat	151	0.143	1.407	30	8.	1	10
CO_115_N2_s3_30_1998.dat	151	0.143	1.855	30	10.	1	10

#RAD CO+N2 regular +40 C
7
CO_115_N2_s1_40_0148.dat 	151	0.148	0.000	40	0.9	1	10
CO_115_N2_s1_40_0358.dat 	151	0.148	0.210	40	1.5	1	10
CO_115_N2_s1_40_0627.dat 	151	0.148	0.479	40	3.	1	10
CO_115_N2_s1_40_0927.dat 	151	0.148	0.779	40	5.	1	10
CO_115_N2_s1_40_1255.dat 	151	0.148	1.107	40	7.	1	10
CO_115_N2_s1_40_1586.dat 	151	0.148	1.438	40	9.	1	10
CO_115_N2_s1_40_1954.dat 	151	0.148	1.806	40	10.	1	10

#s2 40C is not very reliable, has BL artifacts at high P even after dephasing
7
CO_115_N2_s2_40_0130.dat	151	0.13	0.000	40.	0.8	1	10
CO_115_N2_s2_40_0336.dat	151	0.13	0.206	40.	1.5	1	10
CO_115_N2_s2_40_0640.dat	151	0.13	0.51	40.	3.	1	10
CO_115_N2_s2_40_0942.dat	151	0.13	0.812	40.	4.	1	10
CO_115_N2_s2_40_1244.dat	151	0.13	1.114	40.	6.	1	10
CO_115_N2_s2_40_1541.dat	151	0.13	1.411	40.	8.	1	10
CO_115_N2_s2_40_1907.dat	151	0.13	1.777	40.	10.	1	10

#RAD CO+N2 regular +50 C
6
CO_115_N2_s1_50_0140.dat    151 0.140	0.000   50.15   0.8   1    10.
CO_115_N2_s1_50_0331.dat    151 0.140	0.191   50.15   1.4   1    10.
CO_115_N2_s1_50_0614.dat    151 0.140	0.474   50.15   2.5   1    10.
CO_115_N2_s1_50_0980.dat    151 0.140	0.840   50.15   4.0   1    10.
CO_115_N2_s1_50_1343.dat    151 0.140	1.203   50.15   6.0   1    10.
CO_115_N2_s1_50_1717.dat    151 0.140	1.577   50.15   8.0   1    10.

7
CO_115_N2_s2_50_0139.dat	151	0.139	0.00	50	0.8	1	10.
CO_115_N2_s2_50_0338.dat	151	0.139	0.199	50	1.5	1	10.
CO_115_N2_s2_50_0622.dat	151	0.139	0.483	50	3.	1	10.
CO_115_N2_s2_50_0940.dat	151	0.139	0.801	50	5.	1	10.
CO_115_N2_s2_50_1256.dat	151	0.139	1.117	50	6.	1	10.
CO_115_N2_s2_50_1595.dat	151	0.139	1.456	50	8.	1	10.
CO_115_N2_s2_50_1932.dat	151	0.139	1.793	50	10.	1	10.

#RAD CO+N2 regular +60 C
7
CO_115_N2_s1_60_0151.dat	151	0.151	0.000	60.	0.8	1	10.
CO_115_N2_s1_60_0353.dat	151	0.151	0.202	60.	1.2	1	10.
CO_115_N2_s1_60_0612.dat	151	0.151	0.461	60.	2.5	1	10.
CO_115_N2_s1_60_0956.dat	151	0.151	0.805	60.	5.0	1	10.
CO_115_N2_s1_60_1281.dat	151	0.151	1.13	60.	7.0	1	10.
CO_115_N2_s1_60_1604.dat	151	0.151	1.453	60.	9.0	1	10.
CO_115_N2_s1_60_1946.dat	151	0.151	1.795	60.	10.	1	10.

7
CO_115_N2_s2_60_0143.dat	151	0.143	0.00	60	0.8	1	10.
CO_115_N2_s2_60_0332.dat	151	0.143	0.189	60	1.5	1	10.
CO_115_N2_s2_60_0648.dat	151	0.143	0.505	60	3.	1	10.
CO_115_N2_s2_60_0933.dat	151	0.143	0.79	60	4.	1	10.
CO_115_N2_s2_60_1258.dat	151	0.143	1.115	60	6.	1	10.
CO_115_N2_s2_60_1578.dat	151	0.143	1.435	60	8.	1	10.
CO_115_N2_s2_60_1976.dat	151	0.143	1.833	60	10.	1	10.

#RAD CO+N2 regular +70 C
7
CO_115_N2_s1_70_0138.dat	151	0.138	0.000	70.	0.8	1	10.
CO_115_N2_s1_70_0370.dat	151	0.138	0.232	70.	1.5	1	10.
CO_115_N2_s1_70_0678.dat	151	0.138	0.54	70.	3.	1	10.
CO_115_N2_s1_70_0966.dat	151	0.138	0.828	70.	5.	1	10.
CO_115_N2_s1_70_1308.dat	151	0.138	1.17	70.	6.	1	10.
CO_115_N2_s1_70_1662.dat	151	0.138	1.524	70.	8.	1	10.
CO_115_N2_s1_70_2023.dat	151	0.138	1.885	70.	10.	1	10.

7
CO_115_N2_s2_70_0136.dat	151	0.136	0.00	70	0.8	1	10
CO_115_N2_s2_70_0316.dat	151	0.136	0.18	70	1.5	1	10
CO_115_N2_s2_70_0632.dat	151	0.136	0.496	70	3.	1	10
CO_115_N2_s2_70_0930.dat	151	0.136	0.794	70	5.	1	10
CO_115_N2_s2_70_1264.dat	151	0.136	1.128	70	7.	1	10
CO_115_N2_s2_70_1525.dat	151	0.136	1.389	70	8.	1	10
CO_115_N2_s2_70_1865.dat	151	0.136	1.729	70	10.	1	10

#RAD CO+N2 regular +80 C
7
CO_115_N2_s1_80_0143.dat	151	0.143	0.00	80	0.8	1	10
CO_115_N2_s1_80_0344.dat	151	0.143	0.201	80	1.5	1	10
CO_115_N2_s1_80_0643.dat	151	0.143	0.50	80	3.	1	10
CO_115_N2_s1_80_0969.dat	151	0.143	0.826	80	4.	1	10
CO_115_N2_s1_80_1275.dat	151	0.143	1.132	80	6.	1	10
CO_115_N2_s1_80_1609.dat	151	0.143	1.466	80	8.	1	10
CO_115_N2_s1_80_1966.dat	151	0.143	1.823	80	10	1	10

7
CO_115_N2_s2_80_0135.dat	151	0.135	0.000	80	0.8	1	10
CO_115_N2_s2_80_0320.dat	151	0.135	0.185	80	1.5	1	10
CO_115_N2_s2_80_0614.dat	151	0.135	0.479	80	3.	1	10
CO_115_N2_s2_80_0942.dat	151	0.135	0.807	80	5.	1	10
CO_115_N2_s2_80_1309.dat	151	0.135	1.174	80	7.	1	10
CO_115_N2_s2_80_1636.dat	151	0.135	1.501	80	8.	1	10
CO_115_N2_s2_80_1947.dat	151	0.135	1.812	80	10.	1	10